i1:
  j_xyz: 0.0 0.0 0.0
  j_rpy: 0.0 -0.0 0.0
  l_xyz: 0.0 0.0 0.0
  l_rpy: 0 0 0
  l_len: 0.0
i3:
  j_xyz: 1.0 0.0 1.0
  j_rpy: 3.14 -0.0 0.0
  l_xyz: 0.5 0.0 0.5
  l_rpy: 0 -0.785398163397 0
  l_len: 1.41421356237
i2:
  j_xyz: 1.0 0.0 0.0
  j_rpy: 0.0 -0.0 0.0
  l_xyz: 0.5 0.0 0.0
  l_rpy: 0 -0.0 0
  l_len: 1.0
